HBM_CATMAN20_DATAFILE

27/05/04
17:41
CHANNELS: 3
SEPARATOR: 9
MAXLINES: 1020               

_CH1_Timebase	_CH2_Channel2	_CH3_Channel3
s	mm	mm
05/27/04-17:40:13	05/27/04-17:40:13	05/27/04-17:40:13
		

0.000	1.148	0.236
0.017	1.084	0.228
0.033	1.142	0.212
0.050	1.128	0.220
0.067	1.118	0.248
0.083	1.106	0.240
0.100	1.162	0.248
0.117	1.186	0.280
0.133	1.182	0.248
0.150	1.126	0.248
0.167	1.126	0.260
0.183	1.186	0.276
0.200	1.198	0.264
0.217	1.140	0.248
0.233	1.164	0.240
0.250	1.150	0.252
0.267	1.188	0.248
0.283	1.202	0.264
0.300	1.192	0.272
0.317	1.150	0.268
0.333	1.208	0.292
0.350	1.252	0.284
0.367	1.204	0.252
0.383	1.186	0.236
0.400	1.166	0.280
0.417	1.180	0.256
0.433	1.198	0.268
0.450	1.184	0.276
0.467	1.126	0.304
0.483	1.164	0.308
0.500	1.140	0.244
0.517	1.218	0.240
0.533	1.206	0.260
0.550	1.246	0.268
0.567	1.268	0.308
0.583	1.236	0.308
0.600	1.254	0.288
0.617	1.282	0.272
0.633	1.292	0.240
0.650	1.214	0.236
0.667	1.216	0.280
0.683	1.216	0.284
0.700	1.254	0.280
0.717	1.226	0.284
0.733	1.240	0.300
0.750	1.254	0.272
0.767	1.238	0.260
0.783	1.222	0.224
0.800	1.218	0.260
0.817	1.252	0.272
0.833	1.290	0.284
0.850	1.286	0.280
0.867	1.202	0.316
0.883	1.210	0.272
0.900	1.218	0.232
0.917	1.254	0.256
0.933	1.274	0.304
0.950	1.260	0.308
0.967	1.188	0.292
0.983	1.192	0.304
1.000	1.172	0.280
1.017	1.150	0.280
1.033	1.140	0.276
1.050	1.184	0.308
1.067	1.182	0.324
1.083	1.186	0.308
1.100	1.208	0.264
1.117	1.216	0.276
1.133	1.228	0.280
1.150	1.164	0.264
1.167	1.210	0.268
1.183	1.238	0.284
1.200	1.254	0.328
1.217	1.248	0.312
1.233	1.174	0.268
1.250	1.194	0.216
1.267	1.214	0.272
1.283	1.194	0.284
1.300	1.140	0.284
1.317	1.230	0.284
1.333	1.286	0.316
1.350	1.304	0.320
1.367	1.272	0.272
1.383	1.254	0.248
1.400	1.270	0.252
1.417	1.284	0.284
1.433	1.196	0.264
1.450	1.222	0.248
1.467	1.232	0.252
1.483	1.264	0.276
1.500	1.260	0.268
1.517	1.212	0.272
1.533	1.238	0.288
1.550	1.248	0.292
1.567	1.260	0.244
1.583	1.272	0.232
1.600	1.256	0.252
1.617	1.244	0.260
1.633	1.192	0.252
1.650	1.202	0.272
1.667	1.232	0.312
1.683	1.232	0.308
1.700	1.230	0.292
1.717	1.224	0.264
1.733	1.222	0.248
1.750	1.244	0.252
1.767	1.234	0.232
1.783	1.248	0.228
1.800	1.214	0.284
1.817	1.206	0.324
1.833	1.232	0.304
1.850	1.208	0.276
1.867	1.198	0.232
1.883	1.198	0.212
1.900	1.204	0.216
1.917	1.202	0.252
1.933	1.204	0.276
1.950	1.232	0.268
1.967	1.256	0.224
1.983	1.200	0.236
2.000	1.206	0.272
2.017	1.166	0.300
2.033	1.230	0.284
2.050	1.188	0.280
2.067	1.218	0.272
2.083	1.202	0.240
2.100	1.234	0.220
2.117	1.222	0.232
2.133	1.190	0.232
2.150	1.200	0.268
2.167	1.158	0.284
2.183	1.212	0.288
2.200	1.216	0.296
2.217	1.228	0.284
2.233	1.184	0.212
2.250	1.128	0.200
2.267	1.092	0.212
2.283	1.116	0.252
2.300	1.194	0.256
2.317	1.232	0.272
2.333	1.212	0.260
2.350	1.148	0.252
2.367	1.174	0.192
2.383	1.152	0.220
2.400	1.214	0.268
2.417	1.154	0.280
2.433	1.186	0.256
2.450	1.190	0.248
2.467	1.226	0.220
2.483	1.224	0.212
2.500	1.186	0.208
2.517	1.152	0.224
2.533	1.098	0.232
2.550	1.094	0.272
2.567	1.160	0.268
2.583	1.210	0.248
2.600	1.160	0.232
2.617	1.082	0.256
2.633	1.120	0.248
2.650	1.128	0.268
2.667	1.148	0.256
2.683	1.112	0.276
2.700	1.130	0.268
2.717	1.072	0.244
2.733	1.082	0.216
2.750	1.126	0.240
2.767	1.176	0.264
2.783	1.148	0.264
2.800	1.168	0.248
2.817	1.146	0.256
2.833	1.176	0.204
2.850	1.146	0.212
2.867	1.170	0.220
2.883	1.196	0.260
2.900	1.190	0.244
2.917	1.118	0.240
2.933	1.124	0.252
2.950	1.178	0.264
2.967	1.232	0.256
2.983	1.166	0.248
3.000	1.198	0.248
3.017	1.200	0.284
3.033	1.214	0.288
3.050	1.190	0.236
3.067	1.144	0.244
3.083	1.160	0.276
3.100	1.188	0.292
3.117	1.170	0.284
3.133	1.156	0.292
3.150	1.172	0.312
3.167	1.166	0.312
3.183	1.178	0.284
3.200	1.144	0.256
3.217	1.124	0.252
3.233	1.162	0.240
3.250	1.178	0.268
3.267	1.196	0.240
3.283	1.236	0.272
3.300	1.242	0.292
3.317	1.172	0.284
3.333	1.182	0.248
3.350	1.160	0.252
3.367	1.208	0.248
3.383	1.152	0.256
3.400	1.210	0.240
3.417	1.158	0.284
3.433	1.242	0.308
3.450	1.254	0.276
3.467	1.286	0.308
3.483	1.312	0.288
3.500	1.300	0.268
3.517	1.284	0.260
3.533	1.274	0.264
3.550	1.238	0.260
3.567	1.202	0.240
3.583	1.210	0.228
3.600	1.242	0.232
3.617	1.236	0.292
3.633	1.180	0.320
3.650	1.222	0.340
3.667	1.228	0.300
3.683	1.226	0.300
3.700	1.214	0.240
3.717	1.156	0.220
3.733	1.182	0.212
3.750	1.150	0.248
3.767	1.182	0.292
3.783	1.156	0.340
3.800	1.192	0.304
3.817	1.204	0.308
3.833	1.184	0.300
3.850	1.160	0.228
3.867	1.168	0.216
3.883	1.174	0.244
3.900	1.206	0.292
3.917	1.160	0.272
3.933	1.204	0.276
3.950	1.242	0.284
3.967	1.204	0.316
3.983	1.210	0.276
4.000	1.160	0.252
4.017	1.140	0.248
4.033	1.134	0.244
4.050	1.228	0.248
4.067	1.222	0.232
4.083	1.240	0.260
4.100	1.260	0.272
4.117	1.224	0.256
4.133	1.236	0.256
4.150	1.230	0.296
4.167	1.222	0.316
4.183	1.206	0.252
4.200	1.244	0.192
4.217	1.248	0.188
4.233	1.272	0.232
4.250	1.212	0.248
4.267	1.200	0.260
4.283	1.236	0.276
4.300	1.260	0.316
4.317	1.258	0.264
4.333	1.288	0.256
4.350	1.284	0.228
4.367	1.196	0.252
4.383	1.232	0.244
4.400	1.154	0.228
4.417	1.206	0.236
4.433	1.228	0.216
4.450	1.252	0.216
4.467	1.256	0.240
4.483	1.254	0.292
4.500	1.244	0.308
4.517	1.250	0.300
4.533	1.226	0.256
4.550	1.236	0.240
4.567	1.196	0.208
4.583	1.180	0.172
4.600	1.218	0.192
4.617	1.230	0.272
4.633	1.222	0.320
4.650	1.226	0.324
4.667	1.228	0.292
4.683	1.268	0.268
4.700	1.210	0.244
4.717	1.214	0.180
4.733	1.148	0.184
4.750	1.156	0.196
4.767	1.140	0.252
4.783	1.152	0.240
4.800	1.208	0.260
4.817	1.222	0.264
4.833	1.230	0.280
4.850	1.262	0.288
4.867	1.206	0.252
4.883	1.220	0.236
4.900	1.182	0.208
4.917	1.222	0.196
4.933	1.172	0.188
4.950	1.210	0.216
4.967	1.214	0.256
4.983	1.234	0.308
5.000	1.248	0.276
5.017	1.210	0.260
5.033	1.156	0.256
5.050	1.130	0.216
5.067	1.178	0.160
5.083	1.182	0.172
5.100	1.208	0.248
5.117	1.258	0.260
5.133	1.190	0.264
5.150	1.162	0.276
5.167	1.186	0.284
5.183	1.160	0.260
5.200	1.182	0.232
5.217	1.196	0.204
5.233	1.216	0.232
5.250	1.248	0.244
5.267	1.230	0.232
5.283	1.192	0.232
5.300	1.144	0.256
5.317	1.184	0.280
5.333	1.182	0.256
5.350	1.164	0.272
5.367	1.116	0.256
5.383	1.064	0.252
5.400	1.058	0.212
5.417	1.062	0.212
5.433	1.094	0.228
5.450	1.110	0.252
5.467	1.214	0.276
5.483	1.248	0.308
5.500	1.224	0.312
5.517	1.128	0.312
5.533	1.082	0.252
5.550	1.088	0.204
5.567	1.176	0.208
5.583	1.154	0.252
5.600	1.188	0.260
5.617	1.184	0.252
5.633	1.244	0.292
5.650	1.256	0.304
5.667	1.240	0.276
5.683	1.226	0.252
5.700	1.146	0.232
5.717	1.162	0.252
5.733	1.192	0.236
5.750	1.174	0.232
5.767	1.132	0.228
5.783	1.194	0.276
5.800	1.204	0.264
5.817	1.188	0.272
5.833	1.176	0.292
5.850	1.198	0.292
5.867	1.172	0.256
5.883	1.120	0.256
5.900	1.152	0.220
5.917	1.092	0.244
5.933	1.096	0.208
5.950	1.096	0.232
5.967	1.198	0.248
5.983	1.188	0.288
6.000	1.200	0.252
6.017	1.194	0.252
6.033	1.204	0.276
6.050	1.146	0.252
6.067	1.136	0.220
6.083	1.156	0.212
6.100	1.188	0.252
6.117	1.200	0.292
6.133	1.174	0.284
6.150	1.154	0.272
6.167	1.204	0.284
6.183	1.216	0.268
6.200	1.234	0.244
6.217	1.236	0.244
6.233	1.218	0.264
6.250	1.198	0.292
6.267	1.226	0.280
6.283	1.192	0.280
6.300	1.182	0.264
6.317	1.132	0.296
6.333	1.134	0.272
6.350	1.142	0.284
6.367	1.220	0.236
6.383	1.144	0.228
6.400	1.176	0.220
6.417	1.188	0.224
6.433	1.226	0.244
6.450	1.230	0.328
6.467	1.214	0.336
6.483	1.158	0.272
6.500	1.196	0.236
6.517	1.154	0.228
6.533	1.154	0.204
6.550	1.122	0.168
6.567	1.170	0.224
6.583	1.234	0.276
6.600	1.258	0.300
6.617	1.244	0.284
6.633	1.240	0.276
6.650	1.214	0.308
6.667	1.212	0.272
6.683	1.218	0.252
6.700	1.212	0.236
6.717	1.180	0.272
6.733	1.156	0.244
6.750	1.170	0.248
6.767	1.194	0.252
6.783	1.220	0.292
6.800	1.234	0.272
6.817	1.216	0.284
6.833	1.210	0.272
6.850	1.156	0.284
6.867	1.158	0.260
6.883	1.110	0.224
6.900	1.168	0.216
6.917	1.160	0.228
6.933	1.182	0.284
6.950	1.188	0.284
6.967	1.210	0.284
6.983	1.222	0.276
7.000	1.216	0.260
7.017	1.212	0.220
7.033	1.186	0.212
7.050	1.200	0.240
7.067	1.194	0.268
7.083	1.186	0.268
7.100	1.180	0.276
7.117	1.178	0.292
7.133	1.178	0.252
7.150	1.224	0.244
7.167	1.232	0.208
7.183	1.218	0.240
7.200	1.238	0.240
7.217	1.162	0.264
7.233	1.200	0.240
7.250	1.148	0.240
7.267	1.176	0.264
7.283	1.196	0.256
7.300	1.246	0.280
7.317	1.246	0.296
7.333	1.248	0.328
7.350	1.212	0.288
7.367	1.174	0.252
7.383	1.176	0.232
7.400	1.152	0.232
7.417	1.174	0.208
7.433	1.252	0.244
7.450	1.284	0.284
7.467	1.326	0.336
7.483	1.240	0.324
7.500	1.188	0.292
7.517	1.254	0.276
7.533	1.190	0.236
7.550	1.224	0.240
7.567	1.244	0.232
7.583	1.212	0.256
7.600	1.234	0.260
7.617	1.158	0.264
7.633	1.190	0.248
7.650	1.178	0.252
7.667	1.190	0.260
7.683	1.234	0.232
7.700	1.206	0.212
7.717	1.162	0.204
7.733	1.188	0.212
7.750	1.158	0.224
7.767	1.184	0.228
7.783	1.156	0.196
7.800	1.180	0.216
7.817	1.196	0.236
7.833	1.264	0.268
7.850	1.268	0.236
7.867	1.210	0.256
7.883	1.212	0.224
7.900	1.150	0.208
7.917	1.210	0.208
7.933	1.198	0.244
7.950	1.212	0.220
7.967	1.196	0.232
7.983	1.178	0.224
8.000	1.168	0.216
8.017	1.174	0.200
8.033	1.154	0.196
8.050	1.118	0.232
8.067	1.110	0.260
8.083	1.224	0.260
8.100	1.212	0.208
8.117	1.110	0.184
8.133	1.096	0.196
8.150	1.070	0.184
8.167	1.148	0.192
8.183	1.188	0.220
8.200	1.168	0.264
8.217	1.192	0.248
8.233	1.144	0.196
8.250	1.166	0.188
8.267	1.146	0.228
8.283	1.168	0.212
8.300	1.112	0.200
8.317	1.136	0.208
8.333	1.198	0.240
8.350	1.204	0.232
8.367	1.128	0.216
8.383	1.144	0.212
8.400	1.134	0.244
8.417	1.124	0.232
8.433	1.046	0.216
8.450	1.116	0.200
8.467	1.142	0.208
8.483	1.120	0.224
8.500	1.022	0.220
8.517	1.058	0.208
8.533	1.086	0.236
8.550	1.112	0.252
8.567	1.100	0.208
8.583	1.124	0.208
8.600	1.110	0.232
8.617	1.102	0.228
8.633	1.094	0.216
8.650	1.124	0.224
8.667	1.138	0.240
8.683	1.128	0.252
8.700	1.124	0.252
8.717	1.128	0.236
8.733	1.172	0.264
8.750	1.176	0.252
8.767	1.166	0.228
8.783	1.170	0.180
8.800	1.156	0.196
8.817	1.186	0.216
8.833	1.158	0.220
8.850	1.194	0.208
8.867	1.144	0.216
8.883	1.188	0.232
8.900	1.188	0.248
8.917	1.216	0.276
8.933	1.196	0.268
8.950	1.176	0.240
8.967	1.152	0.172
8.983	1.064	0.172
9.000	1.050	0.188
9.017	1.112	0.232
9.033	1.172	0.232
9.050	1.212	0.256
9.067	1.214	0.260
9.083	1.168	0.276
9.100	1.180	0.256
9.117	1.132	0.204
9.133	1.146	0.220
9.150	1.154	0.220
9.167	1.172	0.232
9.183	1.166	0.228
9.200	1.170	0.244
9.217	1.196	0.244
9.233	1.140	0.240
9.250	1.172	0.208
9.267	1.138	0.216
9.283	1.162	0.208
9.300	1.200	0.176
9.317	1.188	0.188
9.333	1.154	0.212
9.350	1.112	0.252
9.367	1.096	0.216
9.383	1.144	0.216
9.400	1.190	0.208
9.417	1.106	0.232
9.433	1.128	0.192
9.450	1.116	0.192
9.467	1.182	0.188
9.483	1.126	0.228
9.500	1.220	0.236
9.517	1.192	0.248
9.533	1.196	0.264
9.550	1.178	0.260
9.567	1.194	0.244
9.583	1.180	0.216
9.600	1.152	0.204
9.617	1.136	0.180
9.633	1.102	0.180
9.650	1.138	0.208
9.667	1.198	0.260
9.683	1.172	0.268
9.700	1.134	0.280
9.717	1.178	0.264
9.733	1.124	0.216
9.750	1.158	0.236
9.767	1.140	0.200
9.783	1.194	0.188
9.800	1.230	0.200
9.817	1.186	0.264
9.833	1.218	0.280
9.850	1.152	0.296
9.867	1.184	0.244
9.883	1.134	0.240
9.900	1.200	0.216
9.917	1.184	0.212
9.933	1.176	0.236
9.950	1.148	0.236
9.967	1.154	0.228
9.983	1.148	0.208
10.000	1.170	0.236
10.017	1.170	0.260
10.033	1.208	0.268
10.050	1.204	0.224
10.067	1.216	0.220
10.083	1.206	0.228
10.100	1.112	0.208
10.117	1.176	0.216
10.133	1.192	0.232
10.150	1.196	0.256
10.167	1.192	0.224
10.183	1.212	0.208
10.200	1.224	0.236
10.217	1.212	0.264
10.233	1.190	0.220
10.250	1.162	0.240
10.267	1.166	0.224
10.283	1.194	0.224
10.300	1.170	0.220
10.317	1.198	0.224
10.333	1.220	0.256
10.350	1.192	0.244
10.367	1.242	0.248
10.383	1.204	0.224
10.400	1.204	0.240
10.417	1.204	0.256
10.433	1.204	0.252
10.450	1.202	0.208
10.467	1.168	0.200
10.483	1.178	0.224
10.500	1.194	0.248
10.517	1.232	0.224
10.533	1.250	0.224
10.550	1.228	0.236
10.567	1.238	0.244
10.583	1.212	0.236
10.600	1.226	0.236
10.617	1.216	0.272
10.633	1.182	0.264
10.650	1.228	0.236
10.667	1.264	0.236
10.683	1.268	0.268
10.700	1.268	0.240
10.717	1.292	0.220
10.733	1.304	0.228
10.750	1.276	0.248
10.767	1.320	0.260
10.783	1.314	0.252
10.800	1.270	0.240
10.817	1.192	0.252
10.833	1.240	0.256
10.850	1.310	0.220
10.867	1.280	0.224
10.883	1.200	0.252
10.900	1.218	0.272
10.917	1.250	0.244
10.933	1.234	0.228
10.950	1.192	0.216
10.967	1.178	0.252
10.983	1.204	0.244
11.000	1.262	0.244
11.017	1.224	0.260
11.033	1.178	0.284
11.050	1.166	0.260
11.067	1.164	0.244
11.083	1.186	0.228
11.100	1.220	0.248
11.117	1.184	0.268
11.133	1.208	0.272
11.150	1.224	0.272
11.167	1.198	0.256
11.183	1.130	0.220
11.200	1.160	0.208
11.217	1.144	0.224
11.233	1.170	0.256
11.250	1.160	0.248
11.267	1.146	0.224
11.283	1.118	0.224
11.300	1.122	0.232
11.317	1.160	0.200
11.333	1.192	0.216
11.350	1.188	0.220
11.367	1.120	0.228
11.383	1.176	0.228
11.400	1.240	0.240
11.417	1.234	0.240
11.433	1.204	0.260
11.450	1.236	0.240
11.467	1.164	0.252
11.483	1.176	0.216
11.500	1.172	0.244
11.517	1.232	0.256
11.533	1.270	0.252
11.550	1.244	0.236
11.567	1.218	0.256
11.583	1.186	0.264
11.600	1.194	0.256
11.617	1.192	0.256
11.633	1.176	0.244
11.650	1.166	0.228
11.667	1.130	0.216
11.683	1.130	0.196
11.700	1.120	0.236
11.717	1.122	0.248
11.733	1.188	0.236
11.750	1.198	0.212
11.767	1.138	0.256
11.783	1.136	0.224
11.800	1.114	0.200
11.817	1.184	0.192
11.833	1.142	0.252
11.850	1.170	0.224
11.867	1.158	0.232
11.883	1.176	0.236
11.900	1.160	0.256
11.917	1.194	0.220
11.933	1.164	0.196
11.950	1.160	0.200
11.967	1.114	0.212
11.983	1.184	0.220
12.000	1.132	0.196
12.017	1.154	0.224
12.033	1.152	0.236
12.050	1.210	0.240
12.067	1.180	0.208
12.083	1.146	0.228
12.100	1.168	0.248
12.117	1.150	0.244
12.133	1.108	0.212
12.150	1.094	0.168
12.167	1.118	0.160
12.183	1.098	0.180
12.200	1.142	0.216
12.217	1.134	0.236
12.233	1.124	0.268
12.250	1.134	0.236
12.267	1.128	0.204
12.283	1.066	0.176
12.300	1.046	0.200
12.317	1.160	0.200
12.333	1.144	0.204
12.350	1.142	0.216
12.367	1.106	0.236
12.383	1.182	0.248
12.400	1.130	0.224
12.417	1.148	0.220
12.433	1.040	0.192
12.450	1.054	0.216
12.467	1.094	0.172
12.483	1.102	0.172
12.500	1.120	0.204
12.517	1.112	0.240
12.533	1.122	0.224
12.550	1.110	0.212
12.567	1.154	0.224
12.583	1.092	0.232
12.600	1.098	0.216
12.617	1.076	0.180
12.633	1.112	0.208
12.650	1.072	0.200
12.667	1.066	0.208
12.683	1.082	0.204
12.700	1.084	0.256
12.717	1.122	0.272
12.733	1.130	0.264
12.750	1.176	0.236
12.767	1.130	0.220
12.783	1.130	0.212
12.800	1.032	0.180
12.817	1.080	0.176
12.833	1.100	0.196
12.850	1.124	0.228
12.867	1.130	0.208
12.883	1.126	0.228
12.900	1.092	0.228
12.917	1.084	0.240
12.933	1.134	0.224
12.950	1.138	0.244
12.967	1.188	0.248
12.983	1.130	0.264
13.000	1.152	0.220
13.017	1.112	0.204
13.033	1.166	0.232
13.050	1.172	0.248
13.067	1.140	0.240
13.083	1.168	0.244
13.100	1.184	0.252
13.117	1.186	0.248
13.133	1.172	0.244
13.150	1.176	0.212
13.167	1.160	0.216
13.183	1.130	0.236
13.200	1.140	0.220
13.217	1.220	0.236
13.233	1.208	0.248
13.250	1.162	0.256
13.267	1.104	0.216
13.283	1.146	0.216
13.300	1.168	0.236
13.317	1.156	0.272
13.333	1.182	0.252
13.350	1.164	0.256
13.367	1.190	0.220
13.383	1.108	0.216
13.400	1.192	0.192
13.417	1.210	0.184
13.433	1.180	0.200
13.450	1.144	0.216
13.467	1.156	0.232
13.483	1.176	0.252
13.500	1.198	0.256
13.517	1.162	0.252
13.533	1.216	0.268
13.550	1.242	0.260
13.567	1.216	0.236
13.583	1.222	0.228
13.600	1.254	0.220
13.617	1.310	0.232
13.633	1.282	0.236
13.650	1.214	0.268
13.667	1.272	0.252
13.683	1.260	0.260
13.700	1.264	0.272
13.717	1.274	0.284
13.733	1.262	0.240
13.750	1.200	0.220
13.767	1.214	0.220
13.783	1.226	0.260
13.800	1.234	0.300
13.817	1.296	0.296
13.833	1.302	0.280
13.850	1.270	0.308
13.867	1.274	0.300
13.883	1.282	0.256
13.900	1.284	0.248
13.917	1.256	0.248
13.933	1.254	0.268
13.950	1.264	0.248
13.967	1.280	0.232
13.983	1.260	0.252
14.000	1.280	0.252
14.017	1.226	0.240
14.033	1.226	0.268
14.050	1.228	0.296
14.067	1.226	0.300
14.083	1.230	0.284
14.100	1.282	0.252
14.117	1.268	0.244
14.133	1.238	0.236
14.150	1.228	0.236
14.167	1.214	0.256
14.183	1.220	0.280
14.200	1.198	0.304
14.217	1.224	0.296
14.233	1.228	0.268
14.250	1.242	0.244
14.267	1.282	0.236
14.283	1.240	0.216
14.300	1.212	0.224
14.317	1.224	0.244
14.333	1.222	0.280
14.350	1.204	0.280
14.367	1.194	0.296
14.383	1.176	0.312
14.400	1.224	0.328
14.417	1.234	0.280
14.433	1.188	0.276
14.450	1.172	0.264
14.467	1.166	0.260
14.483	1.176	0.240
14.500	1.188	0.232
14.517	1.182	0.248
14.533	1.210	0.288
14.550	1.224	0.296
14.567	1.230	0.324
14.583	1.226	0.300
14.600	1.216	0.252
14.617	1.172	0.240
14.633	1.202	0.240
14.650	1.254	0.256
14.667	1.258	0.256
14.683	1.246	0.264
14.700	1.244	0.268
14.717	1.238	0.264
14.733	1.258	0.288
14.750	1.236	0.284
14.767	1.234	0.272
14.783	1.240	0.288
14.800	1.224	0.280
14.817	1.226	0.260
14.833	1.214	0.288
14.850	1.222	0.280
14.867	1.218	0.296
14.883	1.236	0.272
14.900	1.248	0.256
14.917	1.288	0.256
14.933	1.222	0.308
14.950	1.224	0.260
14.967	1.130	0.232
14.983	1.198	0.212
15.000	1.200	0.228
15.017	1.266	0.264
15.033	1.230	0.268
15.050	1.230	0.276
15.067	1.198	0.264
15.083	1.162	0.228
15.100	1.132	0.196
15.117	1.146	0.196
15.133	1.166	0.212
15.150	1.198	0.228
15.167	1.198	0.236
15.183	1.180	0.248
15.200	1.190	0.288
15.217	1.162	0.232
15.233	1.148	0.188
15.250	1.120	0.172
15.267	1.084	0.248
15.283	1.122	0.204
15.300	1.144	0.200
15.317	1.166	0.204
15.333	1.134	0.244
15.350	1.158	0.196
15.367	1.120	0.200
15.383	1.104	0.200
15.400	1.068	0.260
15.417	1.100	0.248
15.433	1.054	0.196
15.450	1.050	0.172
15.467	1.066	0.172
15.483	1.124	0.172
15.500	1.122	0.164
15.517	1.182	0.192
15.533	1.166	0.236
15.550	1.136	0.260
15.567	1.052	0.244
15.583	1.060	0.232
15.600	1.068	0.224
15.617	0.976	0.192
15.633	0.976	0.172
15.650	0.940	0.168
15.667	0.946	0.220
15.683	1.008	0.220
15.700	1.090	0.220
15.717	1.120	0.204
15.733	1.054	0.232
15.750	1.078	0.232
15.767	1.026	0.232
15.783	1.082	0.196
15.800	1.036	0.188
15.817	1.064	0.160
15.833	1.026	0.164
15.850	1.080	0.184
15.867	1.080	0.268
15.883	1.158	0.260
15.900	1.140	0.244
15.917	1.122	0.228
15.933	1.008	0.212
15.950	1.054	0.156
15.967	1.008	0.140
15.983	1.064	0.144
16.000	1.070	0.176
16.017	1.080	0.260
16.033	1.126	0.276
16.050	1.096	0.280
16.067	1.046	0.268
16.083	0.988	0.224
16.100	1.060	0.180
16.117	1.076	0.132
16.133	1.064	0.188
16.150	1.110	0.244
16.167	1.130	0.260
16.183	1.120	0.252
16.200	1.126	0.264
16.217	1.146	0.252
16.233	1.108	0.236
16.250	1.164	0.232
16.267	1.144	0.240
16.283	1.176	0.280
16.300	1.132	0.304
16.317	1.184	0.268
16.333	1.184	0.260
16.350	1.218	0.304
16.367	1.194	0.272
16.383	1.182	0.268
16.400	1.138	0.272
16.417	1.100	0.288
16.433	1.148	0.256
16.450	1.092	0.212
16.467	1.200	0.224
16.483	1.208	0.292
16.500	1.222	0.308
16.517	1.226	0.332
16.533	1.204	0.348
16.550	1.188	0.344
16.567	1.184	0.296
16.583	1.186	0.244
16.600	1.162	0.240
16.617	1.228	0.268
16.633	1.270	0.276
16.650	1.256	0.288
16.667	1.212	0.324
16.683	1.168	0.368
16.700	1.210	0.332
16.717	1.246	0.296
16.733	1.260	0.304
16.750	1.256	0.336
16.767	1.252	0.328
16.783	1.238	0.312
16.800	1.270	0.308
16.817	1.234	0.348
16.833	1.196	0.368
16.850	1.236	0.356
16.867	1.244	0.356
16.883	1.216	0.356
16.900	1.242	0.332
16.917	1.280	0.340
16.933	1.254	0.308
16.950	1.294	0.312
16.967	1.270	0.328
16.983	1.238	0.360
